0.000000
0.000000
0.000000
0.000000
0.000000
0.000000
0.000000
0.000000
1.508366
1.903360
0.000000
0.000000
0.545223
0.000000
0.000000
2.513052
0.382493
2.178802
0.881187
0.000000
2.266811
3.235288
2.340841
1.050486
8.499557
0.000000
0.000000
0.000000
0.000000
0.000000
0.942145
0.486010
0.000000
0.000000
0.076799
0.000000
0.000000
0.000000
0.000000
2.840938
0.000000
0.009985
0.000000
0.000000
0.132837
0.000000
1.017014
0.000000
0.000000
0.000000
0.000000
1.556511
0.086920
1.215764
0.000000
0.462446
0.000000
0.000000
0.000000
0.000000
0.383466
0.000000
0.000000
0.000000
0.000000
0.000000
2.929210
0.798743
0.000000
1.705544
1.459022
0.000000
0.000000
1.941470
0.350716
2.145711
0.962400
1.381875
1.133968
0.350190
0.000000
0.000000
2.578709
3.037563
1.218204
0.886840
1.418412
1.821740
3.084779
0.949385
1.545673
0.000000
0.000000
0.000000
0.061098
0.000000
0.000000
0.000000
0.000000
0.000000
0.000000
0.000000
0.000000
0.000000
0.000000
2.244677
4.256548
0.000000
1.112972
0.867555
0.000000
0.000000
3.043313
0.000000
0.380835
0.000000
0.000000
4.165160
0.000000
0.000000
0.000000
0.000000
0.000000
0.000000
1.625048
0.950173
0.000000
0.000000
0.000000
0.000000
0.000000
0.000000
0.000000
0.000000
0.000000
0.000000
0.000000
0.000000
2.589195
0.000000
0.518856
0.027281
0.000000
0.000000
0.000000
0.000000
0.000000
0.000000
0.000000
0.000000
2.811959
1.057405
1.445238
1.486939
2.838574
2.887464
0.000000
0.000000
0.000000
0.000000
0.000000
0.000000
0.000000
0.000000
0.504212
0.000000
0.000000
0.000000
0.000000
0.000000
0.000000
0.000000
0.853837
0.000000
1.653481
0.000000
0.000000
0.000000
1.827487
0.000000
0.000000
0.333599
0.000000
0.250878
0.000000
0.691493
1.175922
1.676483
0.000000
0.000000
0.000000
0.000000
0.538181
0.000000
0.000000
2.279808
3.742864
0.000000
2.590799
0.490539
1.247950
0.000000
0.000000
2.014657
3.121399
0.000000
0.000000
0.000000
0.000000
0.000000
0.000000
0.000000
0.000000
0.000000
0.000000
0.000000
0.000000
0.000000
0.000000
0.000000
0.000000
0.000000
0.620895
0.000000
0.000000
0.000000
0.000000
0.000000
0.000000
0.518366
0.000000
0.000000
0.000000
1.098291
0.000000
0.000000
0.000000
0.000000
0.000000
0.000000
0.000000
0.000000
0.213253
1.222275
0.000000
1.579312
0.000000
0.000000
2.343767
1.871912
2.069913
1.139581
0.775402
0.000000
4.048939
0.000000
0.000000
0.000000
0.285602
1.449976
0.138577
1.645116
1.097646
0.000000
0.000000
0.609510
0.000000
0.000000
0.000000
3.334232
1.808924
0.000000
2.633381
0.185192
0.000000
0.000000
0.126650
1.123115
3.003735
3.479227
4.317552
15.815726
15.044307
14.838135
7.097356
15.046804
5.994749
12.858649
7.481850
9.279379
3.454629
3.974518
5.073477
2.922620
0.000000
0.000000
0.000000
0.000000
0.662283
0.797257
0.000000
0.059072
0.000000
0.000000
0.000000
0.000000
0.000000
0.000000
4.181501
1.347424
0.000000
0.000000
0.296442
0.000000
0.000000
0.000000
2.887952
0.000000
1.075108
0.158226
0.000000
0.000000
0.258023
0.000000
2.046036
0.000000
2.314499
1.158159
4.262513
0.000000
3.824431
3.793499
6.580479
4.521971
0.000000
2.034593
0.000000
0.000000
0.555701
0.000000
0.793889
0.000000
0.000000
0.000000
0.000000
0.000000
0.000000
0.000000
0.288628
0.000000
0.000000
0.000000
0.000000
0.000000
0.000000
0.000000
2.348005
2.622230
1.904520
2.333820
2.033064
0.000000
0.000000
0.926816
0.000000
0.000000
0.000000
0.000000
0.000000
0.000000
1.656512
0.000000
0.000000
2.265380
0.000000
0.000000
0.000000
3.340797
0.277636
0.000000
2.960584
0.000000
1.798806
3.664142
2.294886
0.000000
0.000000
0.000000
0.000000
1.294614
0.000000
2.789517
0.000000
0.000000
0.000000
0.000000
0.000000
3.416965
1.889382
0.181660
0.000000
0.000000
0.000000
0.000000
0.000000
0.000000
0.000000
0.000000
0.000000
1.388798
0.000000
0.908861
3.240911
0.000000
3.965443
0.000000
0.000000
0.000000
1.263949
1.976068
0.000000
0.000000
0.000000
0.000000
0.000000
0.000000
2.336566
0.809024
2.256116
3.968237
0.000000
1.972336
0.000000
0.000000
6.575056
2.758187
0.000000
0.000000
2.628820
0.000000
0.763778
2.051156
0.000000
6.004669
0.000000
0.000000
1.115751
2.099332
0.000000
0.000000
0.000000
0.000000
4.440789
2.878356
1.414618
2.611119
0.121797
5.304328
0.000000
0.000000
0.000000
0.494700
0.895930
5.046607
1.958740
0.000000
0.000000
0.000000
0.889945
2.419412
3.472141
0.000000
0.000000
0.000000
1.133738
2.159625
0.000000
0.000000
6.099035
2.310554
0.925451
1.230193
0.000000
0.000000
0.000000
0.000000
0.000000
3.572444
0.000000
0.973611
0.000000
0.000000
0.822622
0.000000
0.000000
0.000000
0.554444
0.440511
0.000000
0.000000
0.000000
2.896135
0.000000
0.000000
4.189069
0.000000
1.766892
1.283983
3.723744
0.000000
0.000000
0.000000
0.000000
0.000000
0.000000
1.518588
1.070328
0.000000
0.848267
3.254874
1.505871
1.445454
0.000000
0.000000
0.000000
0.000000
0.338236
1.531451
0.000000
3.626734
0.000000
0.000000
0.000000
0.980918
1.402369
0.000000
0.000000
0.000000
2.211005
5.109709
0.000000
0.000000
0.777378
2.926883
0.000000
2.527447
0.000000
0.000000
0.000000
1.931920
0.000000
0.784829
6.446273
1.426486
0.000000
0.000000
0.228362
1.015106
0.000000
0.000000
0.000000
0.171739
2.408406
0.000000
0.000000
0.000000
0.068008
1.311742
0.477608
0.000000
1.150376
0.000000
2.657168
0.000000
3.098409
0.000000
0.000000
1.967500
0.000000
0.000000
0.000000
0.000000
0.741035
0.000000
0.137090
1.096004
0.000000
1.255084
3.680395
0.000000
0.000000
4.224276
1.729093
0.312335
0.000000
0.000000
0.000000
0.000000
0.000000
2.744563
1.724532
0.000000
0.000000
0.000000
0.681103
2.437178
2.068148
1.775017
3.576412
0.000000
1.334173
4.593720
0.000000
0.000000
0.715866
0.000000
0.811112
0.000000
0.000000
3.506131
3.833065
0.000000
7.781475
0.230092
0.000000
0.000000
3.153686
0.000000
0.000000
0.000000
0.000000
2.109819
0.175726
3.777127
0.000000
2.266930
3.960495
0.852495
0.000000
0.000000
1.169756
0.488890
0.000000
5.235494
2.569371
0.000000
0.000000
1.322673
0.533924
0.000000
0.000000
0.000000
1.013337
0.302015
0.000000
0.000000
0.000000
0.000000
2.903880
2.941764
0.000000
0.000000
0.000000
0.000000
3.118270
0.000000
0.000000
0.000000
0.000000
2.758250
1.196073
0.000000
0.000000
5.094258
2.340144
0.000000
1.322998
1.740008
0.000000
0.908548
4.106394
3.935646
1.398026
0.000000
0.000000
0.000000
0.560594
0.000000
2.181204
0.000000
0.000000
0.292563
4.087428
0.000000
0.000000
0.000000
0.653471
1.030932
0.000000
0.000000
6.505923
1.888080
0.000000
0.000000
0.457919
0.000000
0.000000
0.000000
0.742451
1.298069
1.003433
1.524344
1.715532
1.548640
1.881133
0.108893
0.275738
0.000000
0.000000
2.542814
5.159982
5.587543
9.064584
3.708636
0.000000
4.747089
0.000000
0.000000
8.797271
0.000000
0.000000
0.554582
0.000000
0.069173
0.000000
1.815732
0.000000
2.258331
0.601635
0.000000
1.357529
0.765167
0.391853
0.000000
0.000000
0.000000
0.449099
2.206542
3.347803
0.463970
6.136628
0.000000
0.000000
6.243874
0.699394
0.000000
0.000000
0.000000
0.000000
0.777793
2.941104
7.166166
0.000000
0.398809
0.000000
0.687383
0.000000
2.999454
0.000000
5.199623
2.927305
0.000000
3.077819
2.856952
0.000000
0.000000
0.000000
0.000000
2.743533
0.000000
0.000000
0.000000
2.718792
4.034582
4.501891
0.172005
0.000000
2.544960
0.000000
2.542653
1.859477
0.586444
0.864176
4.945251
4.354076
0.000000
2.201398
5.950172
0.525359
1.688124
0.000000
0.000000
0.000000
1.762064
0.438003
0.781314
1.630322
0.000000
0.085870
1.022691
0.113189
6.173819
0.000000
0.565564
0.000000
1.529818
2.357906
0.000000
5.496661
0.000000
0.000000
0.000000
0.000000
1.505003
1.267827
0.292243
0.000000
0.000000
2.289506
0.000000
0.000000
2.976105
0.000000
0.000000
0.000000
1.612589
0.000000
1.842827
2.930183
0.000000
6.056271
3.917164
0.015698
0.000000
0.747921
4.968948
0.000000
0.000000
0.000000
0.397877
4.740898
1.874963
7.428634
0.000000
0.000000
5.431327
0.000000
0.000000
0.000000
0.000000
0.000000
1.580495
0.197817
0.000000
0.000000
0.257725
0.000000
0.000000
1.726207
1.130456
0.000000
0.000000
0.310853
0.256300
0.000000
0.000000
3.256109
0.000000
0.000000
2.005021
0.000000
0.000000
0.347566
3.573562
1.258983
3.850846
0.000000
0.000000
0.000000
0.000000
0.000000
0.000000
1.615348
1.259787
2.060228
0.000000
4.086257
4.964718
4.565275
1.967605
0.000000
0.000000
0.000000
1.393130
8.037994
2.922362
0.000000
1.843350
0.000000
0.826241
1.186876
4.271136
0.000000
0.000000
0.000000
0.000000
0.667277
1.416760
6.222267
0.000000
0.000000
2.756492
0.000000
0.000000
0.000000
0.000000
0.000000
0.000000
0.000000
3.208870
0.000000
0.043608
0.000000
0.000000
0.000000
0.000000
0.722961
2.415131
1.082179
3.232164
1.967416
1.204203
2.974618
1.879146
0.000000
1.300282
0.000000
0.000000
4.110294
0.783918
5.301577
4.576011
2.192932
4.285549
4.247647
0.453545
4.737676
1.800534
1.235198
0.000000
0.000000
1.339051
0.000000
0.000000
0.000000
0.362604
0.099506
0.166368
5.220797
0.416028
0.000000
2.897108
0.000000
0.000000
0.000000
0.000000
0.000000
0.000000
0.000000
0.000000
0.536075
0.000000
0.000000
0.000000
0.000000
1.981390
0.000000
4.542229
2.861389
0.478527
0.119082
0.000000
0.000000
0.000000
0.000000
1.049985
0.000000
0.000000
4.148354
3.453646
